0.66
0.65
0.68
0.69
0.71
0.68
0.70
0.70
0.69
0.69
diversity: 7545132.00000000 7581428.00000000 7605512.00000000 7605922.00000000 7551770.00000000 7593464.00000000 7534246.00000000 7471666.00000000 7441800.00000000 7367222.00000000 
0.39
0.40
0.40
0.41
0.41
0.41
0.41
0.41
0.42
0.40
diversity: 4013276.00000000 4329152.00000000 4355716.00000000 4202420.00000000 4106972.00000000 4277712.00000000 4342528.00000000 4230236.00000000 4039968.00000000 4114064.00000000 
0.61
0.54
0.59
0.52
0.53
0.50
0.51
0.51
0.50
0.50
diversity: 2093624.00000000 2080224.00000000 2063352.00000000 2020320.00000000 1979054.00000000 1863224.00000000 1780344.00000000 1609080.00000000 1483320.00000000 1355390.00000000 
0.60
0.59
0.59
0.60
0.60
0.60
0.60
0.60
0.60
0.60
diversity: 4007500.00000000 4005792.00000000 3953468.00000000 4098218.00000000 4067868.00000000 4000790.00000000 3903064.00000000 3951122.00000000 3984896.00000000 3814664.00000000 
0.83
0.88
0.87
0.87
0.87
0.88
0.88
0.87
0.90
0.89
diversity: 4210772.00000000 4959794.00000000 4889586.00000000 4904892.00000000 4937710.00000000 4867512.00000000 4762382.00000000 4697450.00000000 4658372.00000000 4663744.00000000 
0.52
0.52
0.52
0.53
0.52
0.52
0.53
0.53
0.52
0.52
diversity: 4047984.00000000 4109708.00000000 4119580.00000000 4035432.00000000 3902794.00000000 3943760.00000000 4007546.00000000 4036778.00000000 4004812.00000000 3996800.00000000 
0.52
0.52
0.52
0.53
0.51
0.52
0.53
0.52
0.52
0.52
diversity: 4095376.00000000 4185060.00000000 4061196.00000000 4107508.00000000 4038060.00000000 4127742.00000000 4012292.00000000 4049142.00000000 4099208.00000000 4083524.00000000 
0.52
0.52
0.53
0.54
0.53
0.53
0.53
0.55
0.57
0.54
diversity: 4087832.00000000 4085048.00000000 4000826.00000000 3908432.00000000 3876304.00000000 3921490.00000000 4044618.00000000 4183760.00000000 4248416.00000000 4264558.00000000 
0.58
0.58
0.58
0.59
0.59
0.60
0.59
0.58
0.58
0.59
diversity: 4148084.00000000 4230840.00000000 4188032.00000000 4098714.00000000 4120464.00000000 4128566.00000000 4175600.00000000 4128398.00000000 4071778.00000000 4011840.00000000 
3.40
3.44
3.56
3.55
3.63
3.57
3.54
3.60
3.60
3.62
diversity: 8262770.00000000 8343986.00000000 8291580.00000000 8315946.00000000 8158406.00000000 8127270.00000000 8089320.00000000 7926752.00000000 8178938.00000000 8360210.00000000 
0.54
0.54
0.55
0.54
0.55
0.53
0.53
0.53
0.54
0.54
diversity: 4287948.00000000 4324756.00000000 4389380.00000000 4320068.00000000 4247422.00000000 4208528.00000000 4281830.00000000 4286260.00000000 4281944.00000000 4257770.00000000 
0.54
0.55
0.55
0.56
0.55
0.55
0.55
0.56
0.55
0.54
diversity: 4167092.00000000 4268878.00000000 4269580.00000000 4211036.00000000 4258448.00000000 4217950.00000000 4238626.00000000 4149968.00000000 4124300.00000000 4120368.00000000 
0.55
0.55
0.55
0.55
0.55
0.54
0.54
0.56
0.54
0.54
diversity: 4211720.00000000 4163376.00000000 4162318.00000000 4149852.00000000 4170716.00000000 4150210.00000000 4051048.00000000 3997964.00000000 3960000.00000000 3927704.00000000 
0.60
0.60
0.63
0.61
0.60
0.60
0.60
0.59
0.58
0.60
diversity: 4052928.00000000 4018496.00000000 4007924.00000000 4049972.00000000 4091048.00000000 4016652.00000000 4053620.00000000 4080440.00000000 4061050.00000000 4045148.00000000 
3.35
3.47
3.42
3.38
3.42
3.38
3.41
3.44
3.38
3.42
diversity: 8287560.00000000 8086992.00000000 8128938.00000000 7834472.00000000 7755032.00000000 7654544.00000000 7748732.00000000 7780522.00000000 7698692.00000000 7577186.00000000 
0.56
0.55
0.56
0.57
0.56
0.56
0.55
0.58
0.55
0.55
diversity: 4247732.00000000 4310356.00000000 4270852.00000000 4300236.00000000 4129412.00000000 4088052.00000000 4049888.00000000 4056710.00000000 4122900.00000000 4153524.00000000 
0.57
0.56
0.56
0.56
0.57
0.56
0.56
0.55
0.56
0.55
diversity: 4169444.00000000 4118024.00000000 4068716.00000000 4087162.00000000 4123714.00000000 4097536.00000000 4141508.00000000 4126596.00000000 4130772.00000000 4111064.00000000 
0.57
0.56
0.56
0.56
0.56
0.55
0.55
0.56
0.56
0.56
diversity: 4283432.00000000 4247264.00000000 4243078.00000000 4150970.00000000 4044604.00000000 3988958.00000000 3982670.00000000 4057412.00000000 4068998.00000000 3949862.00000000 
0.61
0.60
0.61
0.60
0.59
0.59
0.59
0.59
0.59
0.59
diversity: 4174034.00000000 4179332.00000000 4221284.00000000 4166356.00000000 4215798.00000000 4132588.00000000 4058912.00000000 4042338.00000000 4131128.00000000 4159012.00000000 
0.95
0.95
0.96
0.97
0.98
0.97
0.96
0.94
0.97
0.95
diversity: 4615796.00000000 4936444.00000000 5005482.00000000 4989416.00000000 4986800.00000000 5006120.00000000 4888792.00000000 4945284.00000000 4761752.00000000 4801942.00000000 
0.57
0.58
0.57
0.57
0.57
0.58
0.57
0.56
0.56
0.56
diversity: 4191114.00000000 4195964.00000000 4097844.00000000 4026556.00000000 3978036.00000000 3982570.00000000 3990428.00000000 3958820.00000000 3997638.00000000 4005584.00000000 
0.57
0.57
0.57
0.57
0.57
0.56
0.56
0.55
0.55
0.55
diversity: 4331136.00000000 4248020.00000000 4199408.00000000 4151422.00000000 4087984.00000000 4069000.00000000 4075984.00000000 4009184.00000000 3935660.00000000 4014404.00000000 
0.58
0.57
0.58
0.58
0.58
0.58
0.57
0.57
0.57
0.56
diversity: 4134384.00000000 4093612.00000000 4063218.00000000 4007458.00000000 4019776.00000000 4049606.00000000 3975156.00000000 3910952.00000000 3926476.00000000 3877610.00000000 
0.91
0.91
0.90
0.88
0.85
0.86
0.82
0.79
0.81
0.81
diversity: 4342334.00000000 4248506.00000000 4110554.00000000 3977508.00000000 3889096.00000000 3706230.00000000 3492706.00000000 3385284.00000000 3328128.00000000 3196460.00000000 
0.95
1.03
1.00
1.00
1.00
1.01
0.99
1.03
0.99
0.99
diversity: 4520308.00000000 4937268.00000000 4913200.00000000 4842820.00000000 4859536.00000000 4844596.00000000 4854924.00000000 4760684.00000000 4785120.00000000 4776332.00000000 
0.50
0.48
0.50
0.49
0.49
0.48
0.48
0.47
0.47
0.47
diversity: 2408984.00000000 2488958.00000000 2482166.00000000 2459744.00000000 2477054.00000000 2538844.00000000 2520524.00000000 2548798.00000000 2507054.00000000 2577438.00000000 
0.46
0.47
0.48
0.48
0.47
0.48
0.49
0.50
0.50
0.49
diversity: 2408318.00000000 2358534.00000000 2396654.00000000 2418062.00000000 2370236.00000000 2260006.00000000 2254560.00000000 2281644.00000000 2343580.00000000 2348088.00000000 
0.45
0.46
0.46
0.47
0.46
0.46
0.46
0.49
0.46
0.47
diversity: 2298254.00000000 2327036.00000000 2271638.00000000 2267550.00000000 2279950.00000000 2218878.00000000 2257902.00000000 2337254.00000000 2361366.00000000 2256224.00000000 
0.45
0.44
0.46
0.46
0.45
0.46
0.47
0.49
0.47
0.47
diversity: 2232068.00000000 2264974.00000000 2234108.00000000 2369078.00000000 2247614.00000000 2129072.00000000 2159672.00000000 2220198.00000000 2214764.00000000 2219952.00000000 
0.93
0.96
0.96
0.95
0.95
0.98
0.99
0.95
0.94
0.95
diversity: 4505388.00000000 4905276.00000000 4938088.00000000 4839334.00000000 4861168.00000000 4759986.00000000 4820972.00000000 4804516.00000000 4810088.00000000 4717536.00000000 
